0.05672905 0.760735 0.9630505 0.1331768 0.4983624 0.6434434 0.4073689 0.05721137 0.05628168 0.4164629
0.530488 0.2491931 0.2088037 0.05805408 0.6932405 0.8033112 0.7816109 0.1713205 0.4523661 0.5413455
0.7044443 0.7352974 0.4708388 0.07907414 0.2283654 0.7935751 0.5661686 0.8983626 0.673133 0.9010097
0.0927524 0.06022282 0.6402066 0.2966777 0.5338332 0.516014 0.6846601 0.6547152 0.9392506 0.6232783
0.7123304 0.8023575 0.7249737 0.10697 0.6711188 0.8738909 0.2310991 0.003864874 0.4712149 0.04130811
0.001059754 0.4331011 0.3106807 0.8410381 0.5866404 0.3214317 0.2898962 0.8839764 0.9048114 0.7047873
0.07727484 0.5090063 0.3840784 0.1552719 0.3237105 0.4702652 0.6089865 0.9121259 0.5242208 0.1772264
0.1186511 0.1268957 0.2320699 0.8290879 0.8290151 0.9020869 0.01032369 0.3638689 0.4079553 0.3544745
0.562476 0.5623037 0.4271477 0.6318249 0.89995 0.6596513 0.7495422 0.7991685 0.7100374 0.2124015
0.2261178 0.8006837 0.7499038 0.2344633 0.5460034 0.2033241 0.4182791 0.5697018 0.7832595 0.2008536
0.2649044 0.3189731 0.479644 0.2939885 0.922657 0.874164 0.2010312 0.4815927 0.012023 0.6845535
0.311108 0.9260273 0.4760211 0.5503369 0.1423113 0.5149711 0.08185861 0.7522535 0.2553219 0.6640593
0.720723 0.809818 0.2020886 0.3118193 0.9511086 0.3179675 0.3769919 0.9976066 0.2830845 0.625691
0.4838077 0.4406219 0.5806094 0.2071017 0.08957005 0.2435029 0.08265969 0.1331592 0.7091679 0.02578596
0.45862 0.2679494 0.7871455 0.0254838 0.9012936 0.3000906 0.3246626 0.1995669 0.09215204 0.03103229
0.1214655 0.6660256 0.3143799 0.1192002 0.4801306 0.4550864 0.1168845 0.1678247 0.3428799 0.6046895
0.4971721 0.2034247 0.1985082 0.386332 0.2007458 0.8704861 0.3454178 0.2689193 0.4607668 0.8988084
0.4323114 0.9486994 0.04308558 0.229536 0.2054392 0.4527736 0.02267249 0.1766048 0.4105258 0.651018
0.9933049 0.177425 0.9054545 0.2520522 0.5042255 0.8177821 0.1262421 0.4614093 0.7269711 0.6344836
0.1266184 0.914835 0.7902793 0.1044785 0.5286138 0.2551954 0.06944121 0.4008135 0.824738 0.03080747
0.9546727 0.05574324 0.7388001 0.1933437 0.5987208 0.1727661 0.62294 0.08484391 0.913761 0.02735698
0.4324139 0.9402797 0.7572989 0.6918619 0.6113845 0.3197472 0.2979701 0.946456 0.8821065 0.3829637
0.744244 0.8840085 0.5419481 0.8262832 0.77219 0.5174764 0.1584201 0.9386072 0.7009221 0.9502438
0.3833324 0.621859 0.3518668 0.3797183 0.6963453 0.9375617 0.4386249 0.7121109 0.6533313 0.3314594
0.1948421 0.04139815 0.5476483 0.6996142 0.2020697 0.1863387 0.157536 0.09841747 0.4930939 0.2088666
